Albedo: [1029.5856, 19.551, 68.2062]
Aloy: [848.4548, 18.21036, 52.6504]
Amber: [793.2582, 18.6984, 50.358]
Itto: [1000.986, 17.689, 74.66784]
Barbara: [820.6119, 13.356, 56.0805]
Beidou: [1094.1492, 18.87648, 54.36375]
Bennett: [1039.4418, 16.0272, 64.66425]
Chongyun: [920.90894, 18.6984, 54.36375]
Diluc: [1010.5192, 26.068, 61.0266]
Diona: [802.3761, 17.808, 50.358]
Eula: [1029.5856, 26.6266, 58.45391]
Fischl: [770.4634, 20.4792, 49.78575]
Ganyu: [762.656, 26.068, 49.0606]
Gorou: [802.3761, 15.31488, 54.36375]
HuTao: [1210.7164, 8.2859, 68.2062]
Jean: [1143.984, 18.62, 59.83]
Kazuha: [1039.1188, 23.0888, 62.8215]
Kaeya: [975.6164, 18.6984, 66.381]
Ayaka: [1000.986, 26.6266, 61.0266]
Ayato: [1067.7184, 23.275, 59.83]
Keqing: [1020.0524, 25.137, 62.2232]
Klee: [800.7888, 24.206, 47.864]
Sara: [802.3761, 16.38336, 52.647]
Shinobu: [1030.3239, 17.808, 62.9475]
Lisa: [802.3761, 19.41072, 48.069]
Mona: [810.322, 22.344, 50.8555]
Ningguang: [820.6119, 17.808, 48.069]
Noelle: [1012.088, 16.0272, 66.95325]
Qiqi: [962.8532, 22.344, 71.796]
RaidenShogun: [1004.79926, 26.2542, 61.44541]
Razor: [1002.9701, 19.5888, 62.9475]
Rosaria: [1030.3239, 20.12304, 59.514]
Kokomi: [1048.652, 18.2476, 51.15465]
Sayu: [993.8522, 20.4792, 62.432476]
Shenhe: [1011.47253, 23.6474, 64.6164]
Heizou: [893.5552, 18.87648, 57.33945]
Sucrose: [775.02234, 14.2464, 58.94175]
Tartaglia: [1020.0524, 23.4612, 63.4198]
Thoma: [866.2015, 16.9176, 62.9475]
Traveler: [911.791, 17.808, 57.225]
Venti: [819.8552, 20.482, 52.0521]
Xiangling: [911.791, 18.87648, 56.0805]
Xiao: [991.4528, 27.1852, 62.2232]
Xingqiu: [857.08356, 16.9176, 63.51975]
Xinyan: [939.1447, 20.83536, 66.95325]
Yae: [807.46204, 26.4404, 44.2742]
Yanfei: [784.14026, 20.12304, 49.2135]
Yelan: [1124.9176, 18.9924, 42.65879]
Yoimiya: [791.2556, 25.137, 47.864]
YunJin: [893.5552, 16.0272, 61.5741]
Zhongli: [1143.984, 19.551, 57.4368]