Albedo: [4228.035, 80.28111, 280.098]
Aloy: [3484.214, 74.77612, 216.216]
Amber: [2838.2634, 66.90411, 180.18]
Itto: [4110.59, 72.63529, 306.6336]
Barbara: [2936.1348, 47.78865, 200.655]
Beidou: [3914.8462, 67.54129, 194.5125]
Bennett: [3719.104, 57.34638, 231.3675]
Chongyun: [3294.9956, 66.90411, 194.5125]
Diluc: [4149.7383, 107.04148, 250.614]
Diona: [2870.8872, 63.7182, 180.18]
Eula: [4228.035, 109.33523, 240.0489]
Fischl: [2756.704, 73.27593, 178.1325]
Ganyu: [3131.878, 107.04148, 201.474]
Gorou: [2870.8872, 54.797653, 194.5125]
HuTao: [4971.856, 34.0239, 280.098]
Jean: [4697.817, 76.4582, 245.7]
Kazuha: [4267.1836, 94.80817, 257.985]
Kaeya: [3490.7378, 66.90411, 237.51]
Ayaka: [4110.59, 109.33523, 250.614]
Ayato: [4384.629, 95.57275, 245.7]
Keqing: [4188.8867, 103.21857, 255.528]
Klee: [3288.4717, 99.39566, 196.56]
Sara: [2870.8872, 58.620743, 188.37]
Shinobu: [3686.4802, 63.7182, 225.225]
Lisa: [2870.8872, 69.452835, 171.99]
Mona: [3327.62, 91.74984, 208.845]
Ningguang: [2936.1348, 63.7182, 171.99]
Noelle: [3621.2327, 57.34638, 239.5575]
Qiqi: [3953.9958, 91.74984, 294.84]
RaidenShogun: [4126.249, 107.80606, 252.3339]
Razor: [3588.6091, 70.09002, 225.225]
Rosaria: [3686.4802, 72.001564, 212.94]
Kokomi: [4306.332, 74.92904, 210.0735]
Sayu: [3555.9854, 73.27593, 223.38225]
Shenhe: [4153.653, 97.10191, 265.356]
Heizou: [3197.1245, 67.54129, 205.1595]
Sucrose: [2773.016, 50.97456, 210.8925]
Tartaglia: [4188.8867, 96.33733, 260.442]
Thoma: [3099.2532, 60.53229, 225.225]
Traveler: [3262.3718, 63.7182, 204.75]
Venti: [3366.7688, 84.10402, 213.759]
Xiangling: [3262.3718, 67.54129, 200.655]
Xiao: [4071.4412, 111.628975, 255.528]
Xingqiu: [3066.6296, 60.53229, 227.2725]
Xinyan: [3360.243, 74.55029, 239.5575]
Yae: [3315.8757, 108.57064, 181.818]
Yanfei: [2805.64, 72.001564, 176.085]
Yelan: [4619.52, 77.987366, 175.1841]
Yoimiya: [3249.3232, 103.21857, 196.56]
YunJin: [3197.1245, 57.34638, 220.311]
Zhongli: [4697.817, 80.2811, 235.872]